8  15  21  25  33  39
1  3  4  10  21  24
5  13  20  22  25  39
9  10  12  28  30  36
1  3  7  25  33  41
1  2  10  20  34  39
9  22  29  32  36  37
1  2  14  38  39  40
5  20  21  27  29  38
1  17  26  29  36  38
5  16  21  24  39  42
7  9  23  37  38  41
11  24  28  29  40  41
4  21  25  30  31  34
9  14  20  26  31  40
13  16  17  20  29  35
3  17  19  20  24  33
8  19  21  28  40  42
3  4  33  35  37  38
3  5  7  17  24  33
7  17  19  23  36  37
10  13  14  34  36  40
4  8  11  19  25  27
6  12  30  36  39  41
14  19  28  32  33  35
8  20  23  27  35  42
1  17  24  26  38  41
11  17  18  22  26  27
7  8  14  24  26  28
4  5  22  33  37  39
13  21  22  25  30  40
4  24  30  32  37  38
2  4  15  39  40  42
3  5  11  24  33  40
16  17  18  26  28  37
6  25  34  38  39  41
14  17  22  25  31  34
3  13  16  28  33  39
5  9  12  14  26  32
3  5  15  22  39  40
7  9  12  20  37  39
5  8  10  13  17  39
14  19  30  33  39  41
7  15  18  29  32  35
9  20  22  30  32  34
9  16  17  18  23  29
9  13  31  33  40  41
11  16  25  26  31  35
25  27  34  38  40  41
6  14  20  25  27  42
16  21  27  31  33  37
1  11  13  19  32  42
6  17  27  29  34  40
2  10  20  31  32  38
6  9  18  19  22  26
23  25  31  32  35  39
9  17  18  26  31  34
11  17  25  26  33  37
4  5  12  32  35  42
2  10  14  17  25  41
2  4  17  26  34  40
4  10  17  29  33  37
4  8  15  23  37  41
2  5  12  32  36  39
1  8  10  36  39  40
4  28  33  35  40  42
5  16  26  27  30  37
1  3  10  24  34  35
2  8  11  18  35  42
12  18  27  34  37  39
5  8  10  16  19  30
7  17  20  23  31  32
10  29  30  37  41  42
4  12  21  26  27  41
3  13  17  24  37  41
2  9  15  18  32  36
1  19  27  29  34  40
3  8  10  25  33  41
3  12  15  16  31  39
3  4  5  19  31  38
4  10  26  27  29  39
8  12  14  17  39  42
3  10  14  16  27  34
5  17  20  21  30  37
1  18  19  26  29  40
2  8  13  24  33  41
4  5  25  29  30  42
2  9  23  35  36  38
1  9  12  13  19  34
3  5  8  12  23  37
14  20  26  28  31  38
8  9  24  27  31  42
1  7  15  21  26  39
4  6  24  26  29  31
2  11  18  26  32  35
1  3  10  11  27  32
2  8  9  15  22  35
5  6  7  9  12  29
4  10  17  19  40  41
10  14  18  27  34  41
4  14  18  23  27  34
1  4  10  23  30  31
7  9  22  27  29  33
4  16  20  30  34  39
2  7  9  21  22  25
19  22  23  24  25  41
10  11  12  19  23  41
1  6  13  24  40  41
10  12  15  19  24  37
1  15  24  27  35  42
7  13  26  29  30  36
1  2  9  14  25  35
6  9  23  26  29  40
2  10  12  23  30  31
2  4  21  23  36  39
2  8  24  29  32  41
4  13  16  21  33  35
2  8  23  25  35  36
8  9  16  24  37  42
6  10  11  13  35  40
5  10  12  14  24  31
14 18 23 30 35 41
2 6 10 32 34 40
3 4 7 11 31 33
3 9 14 24 26 37
12 16 17 27 39 42
14 21 24 26 39 42
1 20 22 37 38 42
12 13 14 20 34 35
1 4 11 27 37 41
11 21 22 36 37 39
4 15 21 23 25 35
4 14 16 19 21 40
12 13 22 29 40 42
3 8 9 15 29 39
7 12 13 19 25 31
7 12 24 30 34 38
1 2 8 9 40 41
10 13 16 20 31 32
9 20 26 27 30 41
9 10 12 23 26 39
3 12 16 25 31 34
1 17 21 32 36 39
4 9 14 30 36 39
3 7 22 24 31 38
7 13 18 23 30 41
13 16 18 24 28 36
7 16 24 30 37 42
1 3 18 21 36 39
6 7 20 21 23 35
2 12 25 26 36 41
7 14 16 17 21 41
4 17 30 33 37 42
16 17 18 21 31 33
4 10 24 25 33 39
6 8 11 12 14 31
4 11 16 34 37 41
1 7 23 36 37 38
1 3 17 21 27 32
3 12 19 23 37 42
1 19 20 22 28 34
11 21 28 31 37 39
5 9 16 22 36 41
2 19 24 29 35 38
2 9 13 17 27 38
8 9 12 25 27 28
8 12 22 23 41 42
13 20 22 30 39 40
2 3 4 22 31 38
2 6 15 18 22 34
11 15 19 21 25 27
8 13 18 28 33 37
5 18 24 28 36 42
10 16 18 29 31 39
9 25 28 33 34 35
2 8 18 26 33 36
2 7 15 27 32 33
9 18 26 28 30 32
4 5 22 29 35 40
7 17 21 31 36 38
8 12 17 24 31 35
1 15 23 35 38 42
3 10 18 25 28 40
9 18 32 33 34 35
8 12 15 18 26 36
15 18 19 28 31 36
11 33 34 37 38 40
14 15 19 21 31 40
2 3 14 19 20 38
9 12 16 25 38 40
10 20 29 30 37 42
10 15 16 18 32 38
3 11 31 34 36 40
1 2 3 5 7 8
2 7 19 28 29 31
6 12 13 14 24 36
4 9 12 19 22 41
3 16 26 32 33 41
2 4 10 17 18 37
8 12 23 29 30 35
20 25 30 33 37 40
1 10 17 22 24 42
11 13 17 31 32 39
2 9 18 21 27 41
17 19 21 28 30 31
6 10 12 20 25 41
7 18 25 31 36 41
2 3 14 17 19 22
1 16 27 37 39 40
4 5 9 11 20 26
2 3 9 21 36 41
1 5 14 27 31 35
4 5 7 32 39 42
5 6 13 14 37 42
3 11 22 26 30 37
17 23 27 36 37 38
2 7 10 26 35 40
1 15 20 23 26 35
3 12 24 30 33 41
10 19 24 32 34 41
9 14 17 25 30 39
11 15 18 26 27 41
9 10 13 22 36 42
11 12 13 16 34 37
5 8 16 17 26 42
1 3 8 26 30 31
12 15 25 28 34 36
16 21 28 32 33 40
6 11 13 22 32 35
11 12 13 14 29 30
3 12 14 24 35 36
19 25 30 35 40 42
6 7 11 20 30 33
5 19 20 22 25 41
10 12 16 28 37 38
7 18 25 28 33 37
1 7 10 23 24 31
2 3 17 29 40 42
7 8 13 15 29 40
12 13 17 20 24 27
5 10 22 29 30 33
3 4 5 6 18 34
8 17 18 24 34 39
9 11 24 29 35 40
2 9 10 19 29 38
11 22 24 26 30 35
1 6 8 9 34 42
11 12 22 29 30 31
4 11 24 27 31 41
4 22 26 31 36 40
16 20 21 27 41 42
2 15 18 26 33 36
2 3 8 9 11 30
2 7 11 21 31 38
3 12 22 31 33 40
10 16 21 24 34 39
14 22 24 29 33 36
1 5 8 17 27 28
20 23 24 37 41 42
8 10 26 37 40 41
1 6 8 9 20 40
1 4 14 26 34 38
11 14 17 25 28 35
5 12 18 19 23 24
2 21 28 31 40 41
3 15 24 30 33 39
3 11 14 28 32 41
20 21 31 34 36 37
6 7 15 28 30 33
7 8 10 18 24 27
5 17 19 26 35 41
12 13 15 18 38 42
2 9 12 17 20 21
9 17 19 21 28 30
4 5 16 19 36 39
1 9 13 17 20 29
4 24 25 28 36 41
1 7 11 13 20 28






